STATIONS_ID;MESS_DATUM_BEGINN;MESS_DATUM_ENDE;QN_4;JA_N;JA_TT;JA_TX;JA_TN;JA_FK;JA_SD_S;JA_MX_FX;JA_MX_TX;JA_MX_TN;QN_6;JA_RR;JA_MX_RS;eor
          1;19310101;19311231;    5;  -999;   7.52;    -999;    2.53;-999;-999;-999;-999;-999;    5;   799.3;   33.5;eor
          1;19320101;19321231;    5;  -999;   8.12;    -999;    3.21;-999;-999;-999;-999;-999;    5;   640.4;   41.4;eor
          1;19330101;19331231;    5;  -999;   7.68;    -999;    2.55;-999;-999;-999;-999;-999;    5;   750.1;   42.2;eor
          1;19340101;19341231;    5;  -999;   9.31;    -999;    3.78;-999;-999;-999;-999;-999;    5;   638.8;   49.8;eor
          1;19350101;19351231;    5;  -999;   8.41;    -999;    3.13;-999;-999;-999;-999;-999;    5;   824.7;   26.4;eor
          1;19360101;19361231;    5;  -999;   8.59;    -999;    3.88;-999;-999;-999;-999;-999;    5;   891.5;   32.4;eor
          1;19370101;19371231;    5;  4.95;   8.59;   13.29;    4.64;    1.70;-999;-999;  32.8; -11.0;    5;   817.4;   39.1;eor
          1;19380101;19381231;    5;  4.61;   8.18;   13.48;    3.78;    1.34;-999;-999;  31.5; -14.0;    5;   766.5;   30.2;eor
          1;19390101;19391231;    5;  5.48;   7.99;   12.23;    4.24;    1.49;-999;-999;  29.4; -21.2;    5;  1072.3;   36.2;eor
          1;19400101;19401231;    5;  4.95;   7.07;   11.85;    2.91;    1.34;-999;-999;  28.8; -20.4;    5;   966.2;   38.7;eor
          1;19410101;19411231;    5;  5.02;   7.61;   12.39;    3.23;    1.43;-999;-999;  33.6; -18.0;    5;   636.0;   24.1;eor
          1;19420101;19421231;    5;  4.91;   7.95;   13.05;    3.39;    1.36;-999;-999;  31.6; -23.2;    5;   734.3;   36.2;eor
          1;19430101;19431231;    5;  4.67;   9.57;   15.02;    4.68;    1.36;-999;-999;  38.2; -12.2;    5;   487.8;   22.0;eor
          1;19440101;19441231;    5;  5.26;   8.22;   12.99;    4.09;    1.49;-999;-999;  35.0; -12.0;    5;-999;   38.6;eor
          1;19470101;19471231;    5;  4.71;   9.38;   14.89;    4.37;    1.21;-999;-999;  37.2; -19.0;    5;   520.6;   30.8;eor
          1;19480101;19481231;    5;  5.04;   8.82;   14.37;    4.13;    1.08;-999;-999;  30.6; -13.2;    5;   613.0;   33.8;eor
          1;19490101;19491231;    5;  4.60;   9.27;   15.34;    3.96;    1.14;-999;-999;  35.0; -14.8;    5;   505.0;   29.4;eor
          1;19500101;19501231;    5;  5.10;   8.80;   14.39;    4.00;    0.95;-999;-999;  35.0; -12.6;    5;   774.9;   39.0;eor
          1;19510101;19511231;    5;  5.47;   8.74;   13.93;    4.05;    0.96;-999;-999;  32.2;  -8.8;    5;   688.3;   28.6;eor
          1;19520101;19521231;    5;  5.52;   8.33;   13.76;    3.76;    1.23;-999;-999;  36.2; -12.8;    5;   927.7;   60.5;eor
          1;19530101;19531231;    5;  5.24;   8.19;   13.81;    3.65;    0.92;-999;-999;  31.4; -17.8;    5;   606.8;   41.7;eor
          1;19540101;19541231;    5;  5.84;   7.49;   12.61;    3.39;    1.28;-999;-999;  31.0; -16.0;    5;   876.6;   43.0;eor
          1;19550101;19551231;    5;  5.55;   7.87;   12.83;    3.25;    1.39;-999;-999;  31.8; -13.4;    5;   800.1;   49.8;eor
          1;19560101;19561231;    5;  5.80;   7.27;   11.84;    2.65;    1.35;-999;-999;  29.8; -23.0;    5;   675.1;   38.9;eor
          1;19570101;19571231;    5;  5.50;   8.56;   13.47;    3.89;    1.16;-999;-999;  34.8; -15.2;    5;   670.0;   32.8;eor
          1;19580101;19581231;    5;  5.70;   8.55;   13.34;    3.75;    1.19;-999;-999;  32.7; -13.2;    5;   855.0;   31.7;eor
          1;19590101;19591231;    5;  4.86;   8.86;   14.09;    3.35;    1.43;-999;-999;  32.4; -16.2;    5;   704.0;   45.5;eor
          1;19600101;19601231;    5;  5.90;   8.25;   13.02;    3.21;    1.44;-999;-999;  29.4; -20.8;    5;   913.2;   40.8;eor
          1;19610101;19611231;    5;  5.24;   9.12;   14.38;    3.78;    1.57;-999;-999;  32.2; -13.0;    5;   693.1;   23.7;eor
          1;19620101;19621231;    5;  5.10;   7.22;   12.34;    1.88;    1.81;-999;-999;  32.2; -18.0;    5;   629.7;   22.7;eor
          1;19630101;19631231;    5;  5.53;   7.22;   12.15;    2.20;    1.58;-999;-999;  32.8; -24.0;    5;   827.8;   46.6;eor
          1;19640101;19641231;    5;  5.67;   8.48;   13.18;    3.34;    1.59;-999;-999;  33.6; -18.0;    5;   720.6;   40.8;eor
          1;19650101;19651231;    5;  5.92;   7.41;   12.01;    2.74;    1.74;-999;-999;  30.8; -16.4;    5;  1140.9;   65.0;eor
          1;19660101;19661231;    5;  5.49;   8.61;   13.49;    3.68;    1.68;-999;-999;  32.0; -21.0;    5;   892.8;   32.2;eor
          1;19670101;19671231;    5;  5.16;   8.57;   13.78;    3.32;    1.75;-999;-999;  32.2; -16.6;    5;   733.0;   25.0;eor
          1;19680101;19681231;    5;  5.74;   8.26;   12.95;    3.40;    1.70;-999;-999;  30.6; -23.4;    5;   849.0;   53.2;eor
          1;19690101;19691231;    5;  5.11;   7.91;   12.52;    3.33;    1.77;-999;-999;  31.6; -16.2;    5;   776.6;   31.8;eor
          1;19700101;19701231;    5;  5.50;   7.90;   12.38;    3.45;    1.87;-999;-999;  33.2; -14.6;    5;   851.6;   26.5;eor
          1;19710101;19711231;    5;  4.85;   8.02;   13.23;    2.92;    1.74;-999;-999;  32.8; -18.8;    5;   599.3;   47.6;eor
          1;19720101;19721231;    5;  5.51;   7.65;   12.44;    3.10;    1.87;-999;-999;  30.5; -13.5;    5;   777.8;   52.4;eor
          1;19730101;19731231;    5;  5.48;   7.86;   12.57;    3.20;    1.90;-999;-999;  30.0; -20.4;    5;   754.1;   47.5;eor
          1;19740101;19741231;    5;  5.80;   8.62;   13.18;    4.28;    2.06;-999;-999;  32.6;  -8.4;    5;   771.1;   55.7;eor
          1;19750101;19751231;    5;  5.60;   8.55;   12.91;    4.37;    2.07;-999;-999;  31.0; -16.2;    5;   847.4;   70.5;eor
          1;19760101;19761231;    5;  5.19;   8.45;   13.38;    3.60;    2.10;-999;-999;  33.0; -17.0;    5;   618.6;   35.5;eor
          1;19770101;19771231;    5;  5.93;   8.61;   13.14;    4.25;    2.18;-999;-999;  33.2;  -9.6;    5;   813.5;   31.2;eor
          1;19780101;19781231;    5;  5.87;   7.53;   12.10;    2.91;    2.00;-999;-999;  30.0; -14.8;    5;   888.8;   67.2;eor
          1;19790101;19791231;    5;  5.73;   8.20;   13.06;    3.45;    1.95;-999;-999;  32.0; -19.5;    5;   776.7;   26.8;eor
          1;19800101;19801231;    5;  5.65;   7.41;   12.25;    2.91;    1.95;-999;-999;  33.0; -16.0;    5;   774.3;   35.2;eor
          1;19810101;19811231;   10;  5.62;   8.17;   13.15;    3.43;    1.90;-999;-999;  31.2; -16.0;   10;   866.3;   29.6;eor
          1;19820101;19821231;   10;  5.49;   8.60;   13.39;    4.19;    1.94;-999;-999;  31.6; -14.8;   10;   874.0;   55.5;eor
          1;19830101;19831231;   10;  5.16;   8.61;   13.83;    3.95;    2.11;-999;-999;  37.0; -13.0;   10;   731.5;   34.0;eor
          1;19840101;19841231;   10;  5.38;   7.73;   12.62;    3.33;    1.89;-999;-999;  34.0; -11.4;   10;   670.6;   29.8;eor
          1;19850101;19851231;   10;  5.13;   7.55;   13.00;    2.69;    1.93;-999;-999;  34.2; -26.0;   10;   568.9;   21.7;eor
